001 002 003 002 002 004 005 010 010 006 007 002 002 008 002 009
011 012 013 014 015 016 017 026 027 019 020 021 022 023 024 025
011 028 029 029 029 029 029 029 029 029 029 029 029 029 030 025
032 033 029 029 029 029 029 029 029 029 029 029 029 029 034 035
038 039 029 029 029 029 029 029 029 029 029 029 029 029 045 046
011 047 029 029 029 029 029 029 029 029 029 029 029 029 052 025
053 054 029 029 029 029 029 029 029 029 029 029 029 029 059 060
061 062 029 029 029 029 029 029 029 029 029 029 029 029 063 064
011 065 029 029 029 029 029 029 029 029 029 029 029 029 066 025
011 067 068 069 070 071 072 092 093 074 075 076 077 078 079 025
082 083 084 083 083 085 086 091 091 087 088 083 083 089 083 090